Initialization done! Doing GP now...
gen	evals	std                                                     	min             	avg                                                     	max                                                     
0  	20   	[0.18500582 1.00498756 1.09087121 1.18743421 1.98683165]	[0. 2. 1. 1. 0.]	[0.47721765 3.7        3.1        2.3        2.45      ]	[0.70710678 5.         5.         4.         7.        ]
1  	20   	[0.10702317 0.99373035 0.97467943 0.76648549 2.20227155]	[0.35355339 2.         1.         1.         0.        ]	[0.57552038 3.25       2.5        1.75       2.5       ]	[0.70710678 5.         4.         3.         7.        ]
2  	20   	[0.11286797 0.97339612 0.86023253 0.8        2.33666429]	[0.35355339 2.         1.         0.         0.        ]	[0.55784271 3.05       2.4        1.6        2.2       ]	[0.70710678 5.         4.         3.         7.        ]
3  	19   	[0.07661736 0.58309519 0.66895441 0.86023253 1.44481833]	[0.35355339 2.         1.         0.         0.        ]	[0.52374369 2.4        1.95       1.4        1.25      ]	[0.70710678 4.         3.         3.         5.        ]
4  	20   	[0.13563855 0.8        0.88881944 1.06770783 2.40624188]	[0.35355339 2.         1.         0.         0.        ]	[0.5517767 2.4       1.9       1.4       1.9      ]     	[1. 5. 5. 5. 9.]                                        
5  	20   	[0.14201624 0.92059763 0.9486833  1.24498996 2.84429253]	[0.35355339 2.         1.         0.         0.        ]	[0.57642369 2.45       2.         1.5        2.1       ]	[1. 5. 5. 5. 9.]                                        
6  	20   	[0.15270611 1.06183803 1.01365675 1.31434394 3.20156212]	[0.35355339 2.         1.         0.         0.        ]	[0.60410369 2.65       2.15       1.65       2.5       ]	[1. 5. 5. 5. 9.]                                        
7  	20   	[0.18795465 1.06183803 1.10792599 1.49916644 3.63318042]	[0.35355339 2.         1.         0.         0.        ]	[0.66445903 2.65       2.15       1.55       3.        ]	[1. 5. 5. 5. 9.]                                        
8  	20   	[0.18856899 1.27573508 1.45859521 1.9        4.00499688]	[0.35355339 2.         1.         0.         0.        ]	[0.72361083 2.85       2.35       1.7        3.6       ]	[1. 5. 5. 5. 9.]                                        
9  	20   	[0.1725544  0.97467943 1.18321596 1.46969385 3.53694784]	[0.35355339 2.         1.         0.         0.        ]	[0.70818366 2.5        2.         1.2        2.7       ]	[1. 5. 5. 5. 9.]                                        
The found oracle is/are:  (<qiskit.circuit.quantumcircuit.QuantumCircuit object at 0x000001E1497CD310>, [1.0, 2, 2, 2, 8], Statevector([ 0.35355339+0.00000000e+00j,  0.35355377-1.47060478e-07j,
              0.35355407-1.96514921e-06j,  0.3535537 -1.03643946e-06j,
              0.35355339+0.00000000e+00j, -0.35355302-1.12204877e-07j,
             -0.35355271-8.86777634e-07j,  0.35355309+2.07475387e-06j],
            dims=(2, 2, 2)))
GP, Selection, Overall duration:  80.223788022995 1.8981068134307861 82.12189483642578
[('Controlled U', array([1, 2]), [0.034086769238409254, 0.1315256772151755, 0.6230128347983633, 0.06482686780903268]), ('Controlled U', array([0, 2]), [0.8157740107611349, 0.39319205543384594, 0.3807720334596463, 0.5768641840267529])] (1.0, 2.0, 2.0, 2.0, 8.0)
[('Rotate YY', array([2, 1]), [0.9318620945943661]), ('Swap', array([0, 1])), ('Rotate YY', array([1, 0]), [0.9318620945943661]), ('Controlled Not', array([0, 1])), ('Controlled U', array([0, 2]), [0.8157740107611349, 0.39319205543384594, 0.3807720334596463, 0.5768641840267529])] (0.7499999992, 5.0, 5.0, 5.0, 6.0)
[('Hadamard', [2]), ('Not', [0])] (0.7071067812, 2.0, 1.0, 0.0, 0.0)
